1 1110 2
2 950 3
3 975 4 
3 1063 46
4 1058 5
5 1101 6
5 1206 61
6 1330 7
7 973 8
8 1100 9
9 1020 10
9 1018 62
10 982 11
11 1712 12
11 1025 68
12 1003 13
12 1110 81
13 1759 14
14 1506 15
14 3022 119
15 914 16
16 853 17
17 1149 18
18 734 19
18 845 83
19 835 20
20 1759 21
20 790 90
21 1006 22
21 1241 99
22 1021 23
23 1097 24
24 1804 25
24 1618 108
25 1058 26
26 1677 27
27 1269 28
28 1244 29
29 1130 30
30 1254 31
31 1688 32
32 1547 33
33 1143 34
34 1717 35
35 954 36
36 749 37
37 1584 38
38 2392 39
38 1309 115
39 1016 40
40 2386 41
41 1214 42
42 1590 43
43 1205 44
44 961 45
45 1495 1
46 1051 47
47 1658 48
48 1517 49
49 1441 50
50 1025 51
50 1899 117
51 1100 52
52 1100 53
52 1443 86
53 869 54
54 1011 55
55 815 56
55 1590 95
56 1152 57
56 929 124
57 1200 58
57 1374 104
58 1643 59
59 1480 60
60 827 31
61 2839 50
62 1274 63
63 1083 64
64 1188 65
64 1237 118
65 902 66
66 1400 67
66 1349 85
68 1059 69
69 1151 70
70 866 71
70 2228 119
71 791 72
72 1016 73
73 848 74
73 1937 66
74 945 75
75 821 76
75 774 92
76 876 77
76 1634 122
77 1183 78
77 1016 101
78 1900 79
79 905 80
79 1025 109
80 1670 27
81 1135 82
82 1769 119
83 1668 84
84 1399 73
84 1763 91
85 1321 52
86 887 87
86 909 50
87 1664 88
88 1166 89
88 1096 48
89 1431 42
90 1377 91
91 1230 75
91 945 121
92 852 93
93 925 94
94 1217 55
95 424 96
95 1832 125
96 1291 97
97 1166 98
98 1172 40
98 1912 116
99 1332 100
100 1138 77
101 869 102
102 1205 103
102 663 114
103 885 57
104 1874 105
105 734 106
106 935 107
107 1398 98
108 1486 79
109 1119 110
110 1063 111
110 500 113
111 887 59
112 670 29
113 560 112
114 1500 110
115 1170 107
116 943 88
117 1766 64
118 794 70
119 824 120
120 1027 84
121 1023 76
122 1171 123
123 851 56
124 1234 95
125 960 86
126 1100 127
127 1900 128
128 1600 129
129 1500 130
130 3200 1
131 1363 132
132 1251 133
133 1672 134
134 1295 135
135 887 136
136 900 3
137 2600 138
138 2300 139
139 2400 140
140 2000 141
141 1300 142
142 2000 143
143 2300 144
144 1500 145
145 2800 133
146 1829 5
146 4866 147
147 1200 148
148 1338 149
149 3623 150
150 1423 151
151 2110 152
152 4785 153
153 2272 154
154 6720 155
155 2152 12
156 1213 157
157 3508 158
158 2433 159
159 1683 160
160 1958 161
161 5357 162
162 1964 163
163 2025 164
164 3799 165
165 2367 166
166 5440 149
167 2318 165
167 1985 168
168 2056 169
169 1114 152
170 1894 152
170 1543 171
171 1041 172
172 2553 173
173 2555 174
174 1016 175
175 1667 176
176 900 9
177 1144 178
178 1337 179
179 1999 175
180 1368 175
180 938 181
181 1087 182
182 2071 155
183 1758 155
183 1652 184
184 2295 185
185 2008 186
186 3309 187
187 3386 188
188 1615 189
189 3354 190
190 4576 191
191 2712 192
192 1331 193
193 2441 194
195 939 196
196 965 197
197 1544 153
198 1305 153
198 1286 199
199 3000 181
200 1838 181
200 1122 11
201 20619 14
201 7239 202
202 18329 14
203 1194 204
204 1346 205
205 929 206
206 1599 207
207 1543 208
208 1468 209
209 2557 210
210 2115 211
211 1405 212
212 1854 213
213 1238 214
214 3999 215
215 1282 216
216 2036 217
217 1450 18
217 1602 233
218 2700 219
219 2600 220
220 776 221
221 1257 222
222 1225 223
223 990 224
224 1465 225
225 1700 226
226 1763 227
227 1912 228
228 1894 229
229 2002 230
230 1375 231
231 1715 232
232 1673 233
233 1385 20
233 1780 249
234 1900 219
234 1300 235
235 1100 236
236 2100 237
237 2900 238
238 2500 239
239 1700 240
240 1700 241
241 1021 242
242 1304 243
243 1679 244
244 906 245
245 1464 246
246 903 247
247 865 248
248 781 249
249 1311 21
250 1364 251
251 1100 252
252 1283 183
253 903 183
253 1168 254
254 676 255
255 1171 256
256 1600 257
257 2173 258
258 1221 259
259 1085 217
260 897 249
260 1128 261
261 2400 24
262 1300 263
263 1281 264
264 2055 265
265 2301 266
266 2337 267
267 1355 268
268 2090 269
269 1728 270
270 993 271
271 1982 272
272 2366 273
273 1275 274
274 2631 27
275 1500 276
276 2100 277
277 1700 278
278 1300 279
279 1600 280
280 2400 281
281 1400 29
282 1811 283
283 2918 284
284 2035 285
285 987 286
286 1214 287
287 1200 288
288 1096 289
289 1128 290
290 1810 291
291 5102 292
292 2798 293
293 989 31
294 25000 295
295 12000 32
296 1345 297
297 4073 298
298 1236 299
299 2044 300
300 1579 301
301 845 37
301 1778 38
302 2100 303
303 1800 304
304 992 305
305 2100 306
306 2000 307
307 1700 308
308 1200 309
309 1500 310
310 2400 311
311 1330 312
312 1332 313
313 1738 314
314 1188 315
315 2003 316
316 1474 317
317 2150 318
318 4041 319
319 6466 320
320 1405 321
321 1347 322
322 788 323
323 980 324
324 1585 325
325 1325 301
326 2606 327
327 1921 328
328 1953 329
329 1479 330
330 1810 331
331 1778 332
332 1313 40
333 1300 334
334 1300 335
335 1000 336
336 1100 337
337 836 338
338 2700 339
339 2200 340
340 1800 341
341 1700 342
342 2300 343
343 2200 344
344 1508 42